1,-1,3,0,-1,-1,-1,-1,2:-10.1702369685781
1,2,-1,5,-1,-1,4,3,0:-0.45911115999999996
1,-1,3,2,-1,4,-1,-1,0:-100.0
1,-1,3,4,-1,0,2,-1,-1:-100.0
1,-1,0,4,-1,3,5,-1,2:-4.3900286869
5,0,1,3,-1,-1,2,4,-1:-190.0
-1,3,-1,0,-1,1,5,4,2:-0.4804102000000001
5,-1,1,-1,4,-1,3,0,2:-0.1
0,5,-1,4,3,1,-1,-1,2:-0.199
1,2,-1,-1,0,-1,-1,-1,-1:-2.349049029633895
1,0,-1,-1,3,4,2,-1,-1:-343.9
1,-1,3,-1,0,-1,2,4,-1:-100.0
-1,-1,2,3,4,-1,5,0,1:-0.1
5,-1,3,2,-1,1,-1,0,4:-4.135000315667784
0,3,2,5,-1,-1,1,-1,4:-717.570463519
0,5,-1,3,1,4,2,-1,-1:-21.547853533
0,1,-1,-1,-1,3,5,2,4:-0.1
0,1,-1,-1,2,-1,-1,-1,-1:-1.865589924839008
1,-1,2,-1,-1,-1,-1,0,-1:-8.873924301925882
1,0,2,5,3,-1,-1,-1,4:-100.0
1,-1,0,4,2,-1,3,-1,-1:-0.8880572840500002
3,5,2,0,4,1,-1,-1,-1:-100.0
0,1,3,4,-1,5,-1,2,-1:-3.1053891399370666
1,-1,2,-1,-1,0,-1,4,3:-190.0
1,5,-1,3,0,2,4,-1,-1:-0.393967
1,3,-1,2,-1,-1,4,0,-1:-190.0
1,-1,-1,-1,-1,-1,2,0,-1:-7.413806032339855
1,-1,3,-1,0,-1,-1,-1,2:-17.73405569791
-1,0,4,3,1,2,-1,5,-1:-343.9
0,1,-1,2,-1,-1,3,-1,-1:-1.2979717972302662
1,-1,3,4,0,-1,-1,-1,2:-190.0
2,-1,0,3,5,4,1,-1,-1:-0.29701
1,-1,-1,-1,-1,-1,-1,0,2:-9.276886096732058
-1,3,4,0,5,1,2,-1,-1:-200.54987277391
-1,0,5,1,4,3,2,-1,-1:-0.580075597
3,0,2,1,-1,5,4,-1,-1:-569.53279
1,-1,3,2,-1,-1,-1,4,0:-100.0
1,5,-1,-1,4,-1,0,3,2:-0.4355200000000001
1,3,4,-1,2,-1,-1,0,-1:-6.98531500090662
1,-1,2,4,-1,0,-1,-1,3:-100.0
-1,1,2,-1,3,4,-1,0,5:-3.9612201049900007
1,2,-1,-1,4,-1,3,-1,0:-190.0
0,-1,-1,-1,-1,-1,-1,-1,-1:-3.302587296804697
-1,2,3,5,4,-1,0,1,-1:-0.199
0,2,-1,3,4,5,-1,-1,1:-100.0
-1,-1,3,-1,2,4,0,5,1:-190.0
2,-1,3,5,4,-1,1,0,-1:-100.0
5,4,2,-1,-1,-1,1,0,3:-625.6915515858396
1,2,-1,-1,3,-1,0,-1,-1:-7.88554279
-1,-1,-1,-1,-1,-1,-1,-1,0:-3.507306108136207
1,0,-1,4,2,5,-1,3,-1:-63.59536618506025
1,0,4,2,3,-1,-1,-1,-1:-409.51
4,0,1,3,5,2,-1,-1,-1:-0.1
1,-1,4,0,2,3,5,-1,-1:4.261589000000001
0,1,2,-1,3,-1,4,-1,-1:-100.0
1,2,0,-1,3,4,-1,-1,-1:-190.0
-1,1,2,-1,3,5,0,4,-1:-0.1
-1,3,4,1,2,5,-1,0,-1:-100.0
0,4,5,1,-1,2,3,-1,-1:-44.800804710730006
-1,0,3,-1,5,4,-1,1,2:-0.19
4,-1,0,-1,2,1,3,-1,5:-47.413900000000005
0,3,1,5,4,2,-1,-1,-1:-3.5683975000000006
-1,2,0,4,3,1,5,-1,-1:-47.53855900000001
4,5,2,-1,1,0,-1,-1,3:-0.45966295639000004
3,-1,2,1,5,0,4,-1,-1:-0.1
0,3,2,-1,5,-1,4,-1,1:-21.466543060000003
1,-1,3,-1,2,4,0,-1,-1:-100.0
-1,0,5,3,-1,4,2,1,-1:-0.1
-1,5,3,-1,0,-1,2,1,4:-440.30166375811643
1,-1,0,4,-1,3,-1,-1,2:-1.1879609075200002
0,4,5,-1,3,-1,-1,1,2:-0.4858939
1,-1,0,2,3,-1,-1,4,-1:-100.0
0,1,2,-1,3,-1,-1,-1,4:-100.0
0,-1,4,5,-1,3,-1,2,1:-0.199
1,-1,3,-1,-1,0,2,-1,-1:-18.818355459419646
1,4,5,0,-1,3,-1,-1,2:-0.1
0,1,5,4,2,3,-1,-1,-1:-415.9491775601299
3,2,0,-1,4,-1,-1,5,1:-1.955701454561707
1,3,-1,-1,0,-1,-1,2,4:-190.0
0,-1,4,3,-1,5,2,-1,1:-190.0
5,-1,2,4,-1,3,1,-1,0:-0.393967
1,0,-1,3,-1,2,4,-1,-1:-258.23052155327684
1,2,-1,-1,0,-1,-1,3,-1:-1.8314892332623876
1,4,-1,-1,-1,-1,2,3,0:-0.9260624014300001
5,-1,4,2,-1,1,-1,0,3:-1.1062
-1,5,1,-1,3,2,4,0,-1:-0.1
-1,-1,2,0,4,1,-1,3,5:-100.0
1,-1,-1,2,-1,-1,-1,-1,0:-3.909698533
1,0,-1,-1,-1,-1,2,-1,-1:-155.52949569030724
1,-1,2,-1,5,3,-1,4,0:-23.023900000000005
1,4,2,-1,-1,0,-1,-1,3:-190.0
1,-1,-1,-1,-1,-1,0,3,2:125.27847342244736
1,2,-1,0,3,-1,4,-1,-1:-100.0
3,4,1,-1,0,-1,5,-1,2:-0.1
0,-1,4,-1,1,-1,3,2,5:-303.8071529089538
1,2,5,-1,3,-1,-1,0,4:-39.97
1,0,-1,3,-1,2,-1,-1,4:-271.0
3,4,2,-1,0,1,-1,-1,5:-101.57095279000002
1,-1,2,-1,4,-1,3,0,-1:-271.0
-1,0,5,1,2,-1,-1,3,4:-190.0
-1,0,2,-1,-1,5,4,1,3:-100.0
-1,0,-1,-1,-1,-1,-1,-1,-1:473.07986899999753
0,4,-1,1,2,-1,-1,5,3:-0.2791
5,-1,1,3,2,4,-1,0,-1:-103.3602031
1,-1,2,4,-1,3,-1,-1,0:-1.6340418286579004
1,-1,0,4,3,-1,2,-1,-1:-100.0
1,-1,3,2,-1,-1,0,-1,-1:-23.843631524423635
1,-1,2,-1,-1,0,-1,-1,-1:-5.892292358786187
1,4,5,0,2,-1,3,-1,-1:-100.0
1,0,-1,-1,4,-1,3,-1,2:-190.0
1,-1,-1,-1,4,-1,0,3,2:-0.48363400000000006
0,-1,3,-1,1,-1,4,2,5:-0.199
-1,3,4,1,-1,2,0,-1,5:-0.1
-1,4,5,2,0,3,1,-1,-1:-135.29449279000002
1,-1,-1,2,3,0,-1,4,-1:-100.0
1,0,-1,-1,3,4,-1,2,-1:-190.0
0,1,-1,5,2,-1,4,-1,3:-190.0
4,5,3,-1,1,2,0,-1,-1:-14.619437533000003
0,3,4,-1,5,-1,1,2,-1:-0.199
2,1,-1,5,3,-1,-1,4,0:-12.429940442521849
1,-1,-1,0,-1,-1,-1,-1,2:-6.866505682150421
1,-1,3,-1,-1,2,-1,0,4:-190.0
0,1,3,-1,-1,-1,4,2,5:-25.471000000000004
-1,-1,2,-1,0,5,3,1,4:-0.19981000000000002
1,-1,2,4,-1,3,5,-1,0:-6.9287942007010015
4,5,2,0,1,3,-1,-1,-1:-13.409897500000001
1,-1,-1,4,-1,-1,0,2,3:-100.0
3,1,2,-1,5,4,-1,0,-1:-100.0
-1,5,-1,4,-1,1,2,3,0:190.0
5,-1,2,0,-1,-1,1,3,4:-190.0
0,-1,-1,1,2,-1,5,4,3:-100.0
0,-1,4,1,2,-1,5,-1,3:-8.371
0,3,4,-1,-1,5,-1,2,1:-0.1
-1,0,5,2,-1,-1,1,4,3:-0.48769372
2,3,0,4,-1,-1,5,-1,1:-0.4053683751985
0,-1,-1,3,4,5,1,2,-1:-100.0
5,-1,3,-1,2,4,0,1,-1:-409.51
1,-1,3,4,-1,2,0,-1,-1:-100.0
0,2,3,1,4,-1,-1,-1,5:-100.0
1,4,3,0,-1,-1,2,-1,5:-134.76305179000002
0,1,-1,3,-1,5,4,2,-1:-190.0
0,1,-1,-1,3,-1,5,4,2:-1.4590594000000001
0,-1,1,3,5,2,4,-1,-1:-0.1
-1,2,3,0,4,-1,1,5,-1:-0.1
3,-1,-1,-1,0,1,4,5,2:-0.10900000000000001
1,4,2,-1,-1,3,-1,-1,0:-2.2140591348700003
-1,4,0,-1,2,1,3,5,-1:-203.25569931100003
1,2,-1,3,4,0,-1,-1,-1:-100.0
-1,-1,3,0,5,4,-1,2,1:-0.1
1,0,-1,3,4,2,-1,-1,-1:-271.0
1,0,-1,-1,-1,-1,-1,2,-1:-13.999372360326175
0,-1,-1,5,2,-1,1,4,3:-409.51
3,4,1,5,-1,2,0,-1,-1:394.67577723478655
0,5,3,-1,4,-1,1,2,-1:86.15374100000001
5,1,0,-1,-1,4,-1,2,3:-0.1
1,-1,2,4,-1,-1,3,0,5:-327.3395688026201
4,1,-1,2,3,0,5,-1,-1:-0.1
1,0,-1,-1,3,-1,5,2,4:-8.901835067286223
0,3,5,-1,1,2,-1,4,-1:698.9342497475698
5,4,-1,1,-1,0,2,3,-1:-0.1
1,2,-1,-1,3,4,-1,0,-1:-100.0
5,-1,1,2,3,-1,4,-1,0:-9.1
1,-1,2,-1,-1,3,-1,4,0:-3.38797
1,2,-1,4,-1,-1,3,5,0:-9.271
1,0,-1,3,-1,2,-1,-1,-1:-169.19382287554373
0,1,-1,2,5,4,3,-1,-1:-0.5849819857
2,3,5,4,-1,0,-1,-1,1:-100.0
0,1,-1,-1,3,4,-1,-1,2:-190.0
0,4,5,1,2,-1,-1,-1,3:-612.579511
-1,-1,2,0,3,-1,1,5,4:-409.51
5,2,-1,3,1,4,-1,0,-1:-0.1
4,5,2,-1,3,-1,-1,0,1:-9.190000000000001
0,1,-1,-1,3,-1,-1,4,2:-0.7950285370000001
5,3,-1,1,2,-1,4,0,-1:-343.9
-1,-1,-1,3,0,2,5,4,1:-0.1
5,-1,-1,3,2,0,4,1,-1:-100.0
1,0,-1,4,2,-1,-1,3,-1:-32.76839346221721
1,-1,3,0,4,-1,-1,-1,2:-190.0
0,1,-1,2,5,-1,3,4,-1:-0.93604411
-1,-1,-1,1,5,4,0,2,3:-0.1
1,0,5,4,2,-1,-1,3,-1:-190.0
-1,-1,3,1,5,2,0,4,-1:-0.1
5,-1,1,3,2,-1,-1,0,4:-0.1
-1,1,2,4,0,-1,3,-1,5:-324.386224301714
0,2,3,4,-1,5,-1,1,-1:-0.5570308864000001
1,0,5,4,-1,-1,3,-1,2:-210.10710450854378
4,5,2,-1,3,-1,0,-1,1:-17.2
5,4,1,3,-1,2,-1,0,-1:-0.1
1,0,-1,-1,3,-1,2,-1,-1:-246.7663033187821
1,2,-1,-1,4,5,3,-1,0:-100.0
1,3,-1,-1,2,-1,4,-1,0:-190.0
1,2,5,-1,3,-1,0,-1,4:-9.271
1,0,4,-1,2,-1,-1,3,-1:-518.6318673194468
3,4,1,-1,0,2,-1,-1,5:-103.30705900000001
-1,2,1,-1,4,-1,3,5,0:-93.0763531
0,-1,1,3,-1,5,2,-1,4:-190.0
5,-1,1,0,4,-1,3,-1,2:-0.1
1,-1,-1,4,5,0,3,2,-1:-241.29651712591004
-1,0,4,2,5,3,1,-1,-1:-0.490099501
3,4,0,2,5,1,-1,-1,-1:-8.443900000000001
-1,2,3,-1,4,0,-1,5,1:-0.199
0,5,4,-1,-1,3,-1,2,1:-0.1
1,2,-1,-1,0,-1,4,3,-1:-1.1013122489140004
0,-1,-1,3,1,4,5,2,-1:24.929000000000002
0,5,4,-1,3,-1,1,2,-1:-22.717088030800003
0,-1,4,2,5,1,3,-1,-1:-611.1887528995608
1,-1,2,5,4,3,-1,0,-1:-100.0
1,-1,3,0,-1,-1,2,-1,4:-100.0
0,5,1,-1,4,2,-1,3,-1:-271.0
1,0,-1,2,3,-1,-1,5,4:-617.4327443632717
2,3,1,5,-1,0,-1,-1,4:-468.55899999999997
1,0,-1,-1,3,-1,2,4,-1:-409.51
1,0,-1,-1,3,-1,-1,2,-1:-12.273236155127556
-1,3,2,5,1,4,-1,0,-1:-271.0
0,5,-1,3,4,-1,1,2,-1:-15.921040060000003
1,-1,-1,2,-1,-1,0,-1,-1:-5.288518155254977
1,4,3,-1,-1,0,2,-1,-1:-82.84127602610802
0,1,-1,4,-1,5,3,2,-1:-0.1
0,1,3,-1,-1,4,-1,2,-1:-0.86641915237066
-1,0,3,4,5,-1,-1,1,2:-65.7867331
1,-1,5,-1,4,-1,2,0,3:-328.2653347529924
1,-1,2,-1,0,-1,-1,-1,-1:-5.309251956730002
1,2,-1,4,5,0,-1,3,-1:-1.1062
0,3,2,5,4,1,-1,-1,-1:-928.2102012308147
1,0,-1,2,3,-1,4,-1,-1:-409.51
1,2,-1,-1,-1,-1,-1,0,-1:-7.295698100800001
5,1,4,3,2,0,-1,-1,-1:-569.53279
2,-1,3,1,5,0,-1,-1,4:-0.1
4,-1,3,1,5,0,-1,-1,2:-25.471000000000004
1,2,5,-1,0,-1,-1,3,4:-2.522364368887
0,3,2,1,4,-1,-1,5,-1:-100.0
-1,0,3,5,1,-1,4,-1,2:-271.0
5,-1,4,2,0,3,-1,-1,1:-2.9433092329000003
0,4,5,-1,1,2,-1,3,-1:-0.7950285370000001
3,2,0,4,5,-1,1,-1,-1:-0.3940399
-1,2,3,5,4,1,-1,-1,0:-100.0
1,2,-1,0,3,-1,-1,-1,4:-21.466543060000003
1,2,-1,3,4,0,-1,-1,5:-190.0
1,0,-1,2,3,-1,-1,-1,4:-351.37467262684834
0,1,-1,-1,-1,-1,-1,-1,2:-4.9349580192269205
0,5,3,-1,1,2,4,-1,-1:51.01262
1,0,5,-1,2,-1,4,3,-1:808.0999999999988
-1,5,2,3,-1,-1,4,0,1:-343.9
1,2,-1,4,5,-1,3,-1,0:-0.1
-1,-1,4,0,3,5,1,-1,2:-53.37055900000001
1,5,-1,2,4,3,0,-1,-1:-1.1062
2,3,0,5,-1,1,-1,4,-1:-0.29701
5,0,1,-1,2,4,-1,-1,3:-100.0
1,-1,0,2,-1,-1,-1,-1,-1:-3.9826586639089006
0,-1,4,-1,3,5,1,-1,2:-0.1
-1,5,3,4,0,-1,2,1,-1:999.9999999999995
5,2,-1,-1,-1,0,4,3,1:-7.271353000000001
1,-1,-1,-1,4,-1,2,3,0:-1.0756644601060001
-1,-1,2,4,1,3,-1,5,0:-0.1
-1,0,-1,5,2,-1,4,3,1:-100.0
-1,1,2,4,0,-1,3,5,-1:-9.190000000000001
-1,2,4,5,0,1,-1,3,-1:943.9544937886835
-1,2,1,5,3,0,4,-1,-1:-0.1
1,-1,2,0,3,-1,-1,4,-1:-100.0
1,2,-1,5,0,-1,4,3,-1:-3.7208969079400007
-1,3,2,0,5,1,-1,4,-1:-0.1
1,3,-1,-1,0,-1,4,2,-1:-100.0
1,-1,2,-1,-1,3,-1,-1,0:-1.7388607300841523
5,1,2,-1,3,4,-1,0,-1:-100.0
0,1,-1,-1,2,-1,-1,-1,3:-1.4163687668423486
1,-1,3,0,-1,4,-1,-1,2:-190.0
5,-1,3,0,-1,4,-1,2,1:-0.394046461
-1,-1,3,5,0,4,2,-1,1:-0.3940399
4,5,3,-1,0,-1,2,1,-1:-468.55899999999997
-1,0,2,3,4,5,-1,1,-1:-271.0
1,5,-1,0,2,3,-1,-1,4:-0.5317480000000001
0,5,-1,3,4,-1,-1,2,1:-3.38797
4,0,3,-1,5,-1,-1,1,2:-0.1
0,1,-1,3,-1,-1,2,-1,4:-0.5820067828
0,-1,-1,3,4,5,-1,2,1:-100.0
1,-1,-1,-1,-1,2,0,-1,-1:-2.43510932881
1,-1,-1,4,5,-1,3,2,0:-63.503155989999996
1,4,3,-1,-1,0,5,-1,2:-283.6810460359217
5,2,3,-1,1,-1,4,-1,0:-0.29701
4,-1,-1,1,2,0,3,-1,5:-165.730059811
1,2,-1,5,3,4,-1,-1,0:-189.01948386452713
-1,5,0,2,4,1,3,-1,-1:-0.1
0,1,-1,4,3,-1,-1,-1,2:-100.0
1,0,5,3,-1,2,4,-1,-1:-413.81602123356083
0,3,4,-1,5,2,-1,-1,1:-0.1
1,-1,-1,-1,-1,-1,-1,2,0:-2.707496533
-1,1,3,4,-1,0,5,2,-1:-0.199
0,-1,4,-1,1,-1,5,2,3:-0.3940399
1,-1,3,0,-1,-1,-1,4,2:-100.0
1,-1,3,-1,-1,2,-1,4,0:-100.0
1,2,-1,0,3,-1,-1,-1,-1:-8.765011022419
1,-1,-1,-1,0,-1,-1,-1,2:-2.5306966690300006
1,-1,-1,-1,-1,4,0,2,3:-100.0
-1,-1,2,3,-1,5,4,0,1:-190.0
-1,4,3,-1,2,5,0,1,-1:-117.025788511
0,-1,3,-1,1,5,4,2,-1:-190.0
1,-1,-1,2,0,-1,-1,-1,-1:-2.3352891241805764
0,4,5,-1,1,2,-1,-1,3:-3.38797
-1,0,2,3,5,-1,4,1,-1:-9.190000000000001
1,2,-1,4,3,-1,-1,0,-1:-190.0
1,-1,-1,2,0,3,-1,4,-1:-3.38797
1,3,4,2,5,-1,-1,0,-1:-129.35605879000002
4,0,1,5,2,-1,-1,3,-1:-190.0
1,4,3,-1,5,2,-1,0,-1:-418.0011136685886
2,5,-1,3,1,4,0,-1,-1:-0.9271000000000001
5,-1,3,0,4,-1,-1,1,2:-0.199
1,2,-1,3,5,0,4,-1,-1:-212.75410081360738
4,1,2,-1,-1,-1,5,0,3:-135.2466631
0,-1,-1,3,-1,2,4,5,1:-0.1
2,3,0,5,1,-1,-1,4,-1:-17.3700718291
1,-1,3,2,-1,-1,-1,-1,0:-14.58343279
-1,-1,3,1,-1,0,2,5,4:-0.199
1,0,5,-1,3,-1,2,-1,4:-100.0
0,-1,4,5,1,-1,-1,2,3:-623.4636531602555
0,-1,4,5,1,-1,3,2,-1:898.9999999999991
3,0,4,5,-1,-1,2,1,-1:-409.51
3,2,0,-1,4,5,-1,-1,1:-190.0
1,-1,2,-1,0,-1,3,-1,4:-100.0
1,-1,2,-1,3,-1,0,4,-1:-100.0
-1,-1,1,3,4,2,5,0,-1:-5.540893638580002
-1,0,4,2,3,5,1,-1,-1:-0.7349555026
3,5,2,0,4,-1,-1,-1,1:-271.0
3,5,-1,4,2,-1,1,-1,0:-100.0
1,-1,2,-1,3,5,0,-1,4:-66.50641
1,2,4,0,3,-1,-1,-1,-1:-100.0
1,-1,3,2,4,-1,-1,-1,0:-190.0
5,-1,1,2,3,0,4,-1,-1:-0.1
5,-1,4,0,2,3,1,-1,-1:-2.2133199070000007
1,0,-1,4,-1,-1,3,-1,2:-102.96136699319841
1,-1,4,-1,-1,-1,3,2,0:-100.0
1,-1,3,4,2,-1,0,-1,-1:-100.0
5,1,2,-1,4,0,-1,-1,3:-100.0
0,5,1,-1,3,2,4,-1,-1:-43.722654410800004
5,-1,-1,-1,4,1,3,0,2:-0.1
5,4,3,1,-1,2,-1,0,-1:-439.69909391791475
0,1,-1,2,3,-1,-1,4,5:-9.190000000000001
4,1,0,-1,3,-1,5,2,-1:-0.1
1,-1,0,2,3,-1,-1,-1,-1:-6.759051538519
1,-1,-1,-1,-1,-1,3,2,0:-7.155732789999999
2,3,0,-1,4,5,-1,-1,1:-72.74675182051028
1,-1,3,-1,-1,2,-1,-1,0:-24.332301494584797
0,-1,5,1,2,-1,-1,4,3:-880.4283409208147
4,-1,-1,1,5,0,3,2,-1:-0.1
1,3,-1,-1,0,-1,-1,2,-1:-6.046321060899999
1,2,4,-1,3,-1,0,-1,-1:-190.0
2,1,-1,3,4,-1,0,-1,5:-41.1710110113699
1,-1,-1,-1,-1,0,-1,-1,-1:-4.893185001759376
0,-1,1,-1,2,4,5,-1,3:-100.0
1,-1,-1,-1,2,0,-1,-1,-1:-5.877429471298901
2,1,3,-1,4,-1,-1,0,5:-0.1
1,-1,4,2,0,3,-1,-1,-1:-2.2506809575164404
-1,0,-1,-1,5,2,4,1,3:-0.1
0,4,3,1,-1,2,-1,-1,5:-0.1
0,1,3,4,5,-1,-1,2,-1:-25.471000000000004
5,4,2,-1,-1,3,1,0,-1:-691.6648830805591
2,3,-1,1,4,0,-1,5,-1:-100.0
0,1,-1,-1,3,2,-1,4,-1:-21.547853533
1,2,0,-1,3,-1,-1,4,-1:-100.0
3,0,1,5,-1,-1,2,-1,4:-271.0
1,0,3,4,-1,5,-1,-1,2:-0.1
2,-1,1,3,4,-1,0,-1,5:-0.1
1,2,4,-1,0,-1,-1,3,-1:-1.0563454710102895
-1,0,1,5,2,-1,-1,3,4:-521.7031
-1,4,0,2,5,1,3,-1,-1:-203.25569931100003
1,4,3,-1,0,-1,2,-1,5:-66.3679
0,5,-1,-1,2,-1,4,1,3:-745.8134171670999
0,5,1,3,-1,-1,2,-1,4:-745.8134171670999
-1,1,0,3,-1,5,4,2,-1:-100.0
1,-1,3,2,4,-1,0,-1,-1:-100.0
1,-1,2,-1,-1,-1,3,0,-1:-36.227384946727085
-1,-1,4,3,0,2,-1,1,5:-2.798719531164767
1,4,3,-1,5,2,0,-1,-1:-208.44733861181504
0,1,-1,-1,-1,-1,-1,2,-1:-1.87971670740061
1,-1,3,-1,0,-1,4,-1,2:-100.0
1,-1,3,-1,2,-1,0,4,-1:-190.0
5,3,4,1,2,-1,-1,0,-1:-468.55899999999997
-1,4,5,2,3,-1,0,1,-1:-99.54753310000001
1,0,2,-1,-1,-1,3,-1,-1:-186.46681209518542
-1,5,4,2,0,3,-1,1,-1:-260.39981126811824
4,3,-1,0,2,-1,1,-1,5:-0.1
1,-1,2,0,3,-1,4,-1,-1:-190.0
5,-1,-1,2,-1,1,3,0,4:-0.1
1,-1,0,-1,3,-1,5,2,4:-341.53533118478714
-1,0,5,-1,2,-1,4,3,1:-13.409897500000001
1,0,5,-1,2,-1,-1,3,4:-444.86571806858666
0,1,-1,-1,2,4,-1,-1,3:-0.8047175447800001
1,4,2,-1,5,3,-1,-1,0:-8.040404478700001
1,3,4,2,-1,-1,-1,0,-1:-25.143135733000005
1,-1,5,0,2,3,4,-1,-1:-47.413900000000005
1,-1,0,-1,2,-1,3,-1,4:-190.0
2,-1,4,0,5,1,3,-1,-1:100.0
0,4,-1,1,-1,2,-1,5,3:-0.199
-1,0,4,5,1,-1,3,-1,2:-271.0
-1,3,4,-1,2,-1,5,1,0:-0.29701
3,2,-1,4,0,-1,1,-1,5:-0.1
4,-1,0,-1,1,2,5,-1,3:-272.747699843419
1,-1,0,-1,-1,3,5,4,2:-6.931497588580002
5,-1,-1,1,4,-1,0,2,3:100.0
3,4,2,0,-1,1,5,-1,-1:-134.76305179000002
0,1,4,5,2,-1,-1,-1,3:-343.9
1,-1,0,-1,-1,-1,-1,-1,2:-2.4463101041328335
0,1,-1,2,-1,-1,3,4,-1:-0.670946905
-1,0,4,3,1,2,5,-1,-1:-814.6979811148159
0,5,4,-1,2,1,-1,-1,3:-100.0
4,5,3,1,-1,2,-1,-1,0:-21.760429933
0,-1,-1,5,4,3,1,2,-1:-100.0
1,-1,-1,2,0,3,-1,-1,-1:-1.9176097677963109
1,2,0,-1,3,-1,4,-1,-1:-100.0
1,-1,3,-1,4,0,-1,-1,2:-100.0
1,-1,2,-1,3,-1,0,-1,-1:-8.899963129900001
0,1,5,-1,2,3,-1,4,-1:-0.19
0,1,5,-1,2,3,4,-1,-1:-8.371
1,-1,2,-1,4,3,5,-1,0:-6.942972935044001
1,-1,-1,-1,-1,4,2,0,3:-100.0
5,2,3,-1,-1,0,-1,4,1:-343.9
-1,1,-1,3,2,0,4,-1,5:-100.0
-1,5,-1,2,0,3,4,1,-1:71.0
4,-1,0,-1,5,3,1,-1,2:-25.471000000000004
-1,0,4,3,5,-1,2,1,-1:-131.427839611
1,0,-1,-1,3,-1,2,5,4:-639.6034880396535
-1,4,3,1,-1,2,-1,0,5:-0.10900000000000001
1,4,3,-1,-1,2,0,-1,-1:-26.109503361148164
1,2,-1,-1,3,-1,-1,0,4:-1.738
-1,5,3,2,-1,1,-1,0,4:-0.1
1,2,4,5,0,-1,-1,3,-1:-1.235056734673865
0,1,3,-1,4,-1,-1,2,-1:-0.79858899487
1,2,4,3,-1,0,-1,-1,-1:-100.0
-1,1,0,3,-1,-1,4,2,5:-0.1
0,5,1,-1,4,2,3,-1,-1:-343.9
0,1,-1,2,4,-1,3,5,-1:-100.0
3,0,2,1,-1,-1,4,5,-1:-100.0
-1,4,3,1,0,-1,2,-1,5:-103.30705900000001
-1,4,2,5,-1,-1,1,0,3:-343.9
1,-1,2,-1,-1,-1,-1,-1,0:-2.1575188518750927
5,3,4,-1,0,-1,-1,2,1:-21.760429933
1,-1,-1,-1,-1,-1,-1,0,-1:-5.984139969114083
-1,0,5,4,-1,3,2,1,-1:-100.0
3,-1,-1,0,4,-1,2,1,5:-100.0
1,0,5,2,3,-1,-1,-1,4:-1.1062
1,2,-1,-1,-1,-1,0,-1,-1:-2.196548533
1,3,4,0,-1,-1,-1,2,-1:-0.934002965484838
-1,4,5,-1,3,2,0,1,-1:-135.2466631
2,3,1,-1,5,0,4,-1,-1:-521.7031
-1,1,2,-1,0,5,3,-1,4:-0.1
5,2,3,0,4,-1,1,-1,-1:-271.0
0,-1,1,-1,2,4,-1,5,3:-100.0
1,2,-1,3,4,0,-1,5,-1:-0.199
-1,-1,0,4,2,1,3,5,-1:-0.1
0,-1,-1,5,-1,2,3,4,1:8.81
5,-1,1,2,4,-1,3,0,-1:-190.0
-1,0,2,4,3,5,-1,1,-1:-13.494928060000003
1,-1,4,3,2,0,-1,-1,-1:-100.0
5,2,-1,4,1,3,-1,0,-1:-0.1
1,3,4,-1,2,-1,-1,-1,0:-0.4691397304
1,4,3,-1,-1,2,-1,0,-1:-119.4151215707534
-1,4,2,5,-1,3,-1,1,0:938.5859165032846
-1,3,4,-1,0,1,-1,2,5:-2.6659501750000003
1,-1,-1,3,2,0,-1,-1,-1:-12.176872740019
-1,4,-1,-1,5,1,3,2,0:-203.25569931100003
1,2,-1,0,-1,-1,-1,-1,-1:-3.5258290278589
1,2,4,-1,3,-1,-1,0,-1:-190.0
1,-1,0,-1,-1,2,4,-1,3:-100.0
1,4,0,-1,2,-1,3,-1,-1:-100.0
3,-1,0,2,4,1,5,-1,-1:-0.1
2,1,-1,0,4,-1,3,-1,5:-0.1
-1,-1,-1,-1,-1,-1,-1,0,-1:-5.312214793978641
1,5,4,-1,-1,-1,0,3,2:-100.0
0,1,-1,3,4,-1,2,-1,-1:-0.6262555118860001
1,2,-1,-1,3,-1,0,-1,4:-0.2962
0,4,3,1,-1,2,-1,5,-1:-0.1
1,-1,0,-1,-1,-1,-1,-1,-1:-3.171267152873808
-1,0,5,4,1,3,-1,-1,2:-8.953258060000001
5,4,2,1,-1,0,-1,-1,3:-0.1
0,1,-1,2,4,-1,3,-1,5:-190.0
1,-1,5,0,3,2,-1,-1,4:-0.1
1,2,5,0,3,-1,-1,-1,4:-0.1
-1,1,-1,3,2,0,4,5,-1:-100.0
-1,-1,4,1,5,0,2,-1,3:-0.1
3,4,1,5,2,-1,-1,-1,0:-271.0
1,-1,4,-1,5,-1,2,3,0:-12.587178572200003
0,2,3,-1,4,5,-1,1,-1:-0.9863502494500002
1,-1,2,-1,-1,-1,3,0,4:-100.0
4,1,3,-1,0,-1,5,2,-1:-0.19
-1,0,2,5,-1,-1,4,1,3:-343.9
2,3,-1,1,4,0,-1,-1,5:-0.1
1,3,-1,-1,2,-1,-1,-1,0:-13.896562809700002
0,-1,5,-1,2,-1,1,4,3:-920.2335569231275
-1,5,3,0,4,-1,-1,1,2:-100.0
4,3,2,0,5,1,-1,-1,-1:-684.0371151281664
-1,0,2,3,-1,4,-1,1,5:-12.86788961004481
0,-1,1,5,4,2,-1,3,-1:-0.1
3,4,1,0,-1,-1,5,-1,2:-0.199
5,0,1,-1,2,4,-1,3,-1:-100.0
-1,-1,2,5,4,3,-1,0,1:-100.0
3,0,1,4,-1,5,2,-1,-1:-0.29701
0,1,-1,-1,2,-1,4,-1,3:-1.8489700000000002
-1,4,2,-1,-1,3,1,0,5:-100.0
0,1,-1,-1,3,-1,-1,-1,2:-14.092314713397098
1,-1,-1,-1,4,0,3,2,-1:-100.0
1,4,-1,-1,-1,0,3,2,-1:-100.0
1,2,-1,3,-1,0,-1,-1,4:-100.0
1,-1,-1,-1,-1,4,3,0,2:-190.0
-1,1,2,-1,3,-1,0,4,5:-9.1
-1,-1,3,-1,0,1,5,2,4:-0.1
1,-1,4,3,0,2,-1,-1,-1:-100.0
-1,5,3,-1,0,-1,4,1,2:-0.3940399
1,-1,-1,0,2,3,-1,4,-1:-0.6793996118860001
4,1,-1,2,0,3,-1,5,-1:-100.0
0,2,3,-1,4,-1,5,1,-1:-0.1
1,0,-1,-1,-1,-1,-1,-1,2:-30.698684929747643
5,0,1,4,2,-1,3,-1,-1:-100.0
1,0,-1,5,2,4,-1,3,-1:-2.6032103031118807
4,-1,3,1,5,2,0,-1,-1:-0.1
1,-1,4,-1,-1,-1,2,0,3:-100.0
-1,5,-1,2,-1,1,3,4,0:-0.1
-1,-1,-1,-1,0,-1,-1,-1,-1:-3.615388706906904
0,1,5,3,-1,-1,2,4,-1:-190.0
1,-1,-1,-1,2,-1,-1,-1,0:-4.712379284710001
-1,0,5,-1,2,1,-1,3,4:-521.7031
1,-1,3,-1,-1,2,4,0,-1:-100.0
1,-1,0,4,-1,2,-1,-1,3:-190.0
1,-1,3,-1,-1,0,2,-1,4:-100.0
5,3,2,-1,1,4,-1,0,-1:-468.55899999999997
1,-1,-1,2,3,0,4,-1,-1:-190.0
-1,0,4,-1,1,-1,3,5,2:-100.0
0,-1,5,3,4,-1,2,1,-1:-0.1
4,-1,0,5,3,-1,2,-1,1:-0.1
3,2,5,-1,1,-1,0,-1,4:-0.1
5,-1,1,2,-1,3,-1,0,4:-73.28891906410448
1,0,-1,-1,3,-1,-1,2,4:-10.620793666219143
-1,0,-1,3,1,4,5,-1,2:-100.0
1,2,-1,-1,-1,-1,3,-1,0:-15.298779511000001
1,-1,-1,3,2,0,-1,-1,4:-190.0
-1,0,4,2,-1,3,1,5,-1:-0.1
0,5,4,-1,1,2,3,-1,-1:-343.9
4,-1,2,0,1,3,-1,-1,5:-100.0
0,1,3,-1,-1,-1,5,2,4:-47.53855900000001
4,1,5,0,-1,-1,3,2,-1:-0.1
0,1,4,-1,3,2,-1,-1,-1:-100.0
-1,-1,4,-1,1,5,3,0,2:8.561120751520509
4,-1,0,1,-1,2,5,-1,3:-298.8404760432584
3,0,4,2,-1,1,-1,-1,5:-0.1
0,1,-1,4,2,5,-1,-1,3:-0.8094552336865001
-1,4,5,-1,1,-1,0,3,2:-2.9433092329000003
1,-1,3,2,-1,4,0,-1,-1:-190.0
5,1,0,-1,3,-1,2,4,-1:-468.55899999999997
1,-1,-1,0,2,3,4,-1,-1:-3.38797
-1,-1,3,-1,0,4,5,2,1:-0.1
-1,4,2,-1,-1,5,1,0,3:-409.51
4,-1,1,3,5,-1,2,-1,0:-0.19
1,4,0,-1,-1,2,-1,-1,3:-190.0
0,1,3,4,-1,-1,-1,2,-1:-1.1062
0,-1,4,-1,1,5,-1,2,3:-1.1062
-1,3,5,-1,2,1,-1,4,0:-0.199
-1,-1,2,3,4,5,-1,0,1:-100.0
1,5,-1,2,0,3,-1,-1,4:-6.914029282611302
-1,3,4,5,-1,0,1,2,-1:-0.9343900000000002
3,5,-1,-1,1,0,2,-1,4:-343.9
1,4,-1,0,2,3,-1,-1,-1:216.30997311189452
1,4,-1,-1,-1,-1,0,3,2:-0.5744674000000001
5,2,1,-1,4,0,-1,3,-1:-0.1
-1,0,2,5,-1,-1,3,1,4:-271.0
3,-1,-1,0,1,-1,2,5,4:-0.1
1,-1,-1,-1,-1,-1,2,0,3:-31.25290545913351
-1,0,-1,5,2,1,-1,3,4:-100.0
1,4,3,-1,0,-1,-1,-1,2:-15.056774110000003
1,4,-1,0,-1,3,5,-1,2:-0.1
0,3,2,-1,4,1,5,-1,-1:-0.1
3,5,-1,0,1,-1,2,-1,4:-569.53279
0,1,5,-1,2,-1,4,-1,3:-24.7339
1,4,0,-1,5,3,-1,-1,2:-6.931497588580002
1,-1,-1,2,3,0,-1,-1,-1:-21.7542289191307
1,4,-1,0,2,3,-1,5,-1:411.8261356928821
1,-1,-1,3,0,2,-1,-1,-1:-7.223719410999999
-1,1,0,5,3,-1,2,4,-1:-100.0
4,1,5,3,0,2,-1,-1,-1:-0.1
1,5,0,-1,4,3,-1,-1,2:-1.5605168782806034
1,4,2,0,3,-1,-1,-1,-1:-100.0
0,5,4,3,-1,-1,2,-1,1:-651.3215599
0,1,5,-1,-1,3,-1,2,4:-343.9
1,-1,-1,-1,-1,4,3,2,0:-100.0
1,-1,0,-1,-1,3,-1,4,2:-1.4487360421060003
0,1,-1,-1,3,2,-1,4,5:-135.29449279000002
1,-1,4,-1,-1,-1,3,0,2:-100.0
5,-1,1,-1,-1,4,2,0,3:-1.0252000000000001
0,4,5,1,-1,2,-1,-1,3:-36.69149400373
1,-1,-1,-1,-1,0,-1,2,-1:-5.483447632903672
1,4,5,-1,-1,-1,0,3,2:-0.5915260000000001
1,-1,3,4,-1,2,-1,0,-1:-100.0
1,3,4,-1,2,-1,5,0,-1:-32.50375582634117
1,-1,-1,-1,-1,-1,3,0,2:-33.12248154699773
4,5,2,-1,-1,3,-1,1,0:-0.41602180879000006
-1,3,1,4,-1,2,5,0,-1:-100.0
0,1,2,4,3,-1,-1,-1,-1:-190.0
0,5,3,-1,-1,4,-1,2,1:710.5231349972969
1,-1,3,-1,4,2,-1,-1,0:-100.0
0,1,5,-1,2,4,-1,-1,3:-521.7031
-1,-1,5,-1,4,1,2,3,0:-0.199
2,3,1,-1,-1,0,-1,5,4:-100.0
-1,0,-1,2,5,-1,1,4,3:-0.1
0,3,-1,5,4,2,-1,-1,1:-39.496859300800004
3,1,4,0,-1,5,-1,2,-1:-0.1
4,5,3,2,-1,1,-1,-1,0:-343.9
1,-1,3,-1,0,-1,2,-1,-1:-22.661679511000003
-1,4,2,5,0,1,3,-1,-1:336.5371
1,-1,-1,4,-1,0,3,2,-1:-57.890621693530015
0,1,4,-1,2,-1,-1,-1,3:-1.1062
1,-1,4,2,3,0,-1,-1,-1:-190.0
-1,5,4,2,3,-1,1,0,-1:-0.1
-1,0,4,5,1,2,3,-1,-1:-190.0
0,4,5,-1,3,-1,-1,2,1:-0.29701
-1,-1,-1,-1,-1,-1,0,-1,-1:9.05410420004741
1,-1,0,-1,3,-1,2,4,-1:-100.0
1,-1,-1,4,-1,-1,2,3,0:-0.8765515864
5,1,4,-1,-1,0,-1,2,3:-0.1
1,0,-1,4,3,-1,-1,2,-1:-100.0
-1,-1,4,0,3,2,1,-1,5:-0.5467726900000001
5,1,0,-1,-1,3,-1,4,2:-100.0
2,3,1,-1,-1,0,4,5,-1:-100.0
3,-1,5,-1,4,2,-1,0,1:-100.0
-1,3,1,4,5,2,-1,0,-1:-0.1
0,-1,-1,1,2,5,4,-1,3:-100.0
-1,-1,3,5,2,4,0,-1,1:-0.1
0,1,4,-1,-1,-1,5,2,3:-0.199
5,-1,-1,0,2,3,1,-1,4:-0.1
1,-1,3,-1,-1,0,-1,4,2:-190.0
-1,-1,4,1,-1,5,0,3,2:-0.457309
0,2,3,-1,1,-1,4,-1,5:-0.1
0,2,3,-1,4,-1,-1,1,5:-0.1
1,4,3,2,-1,-1,0,-1,-1:-47.358493643710005
1,-1,0,2,3,4,-1,-1,-1:-100.0
0,5,-1,-1,-1,2,4,3,1:-43.722654410800004
-1,2,1,-1,4,0,3,5,-1:-0.1
1,0,2,-1,-1,-1,3,4,-1:-343.9
4,5,2,-1,-1,3,1,-1,0:151.68218659855472
3,0,2,-1,-1,5,4,1,-1:-100.0
3,-1,0,2,4,-1,1,5,-1:-100.0
0,5,-1,3,-1,2,4,-1,1:-31.592088433000004
5,1,0,4,2,-1,3,-1,-1:-100.0
1,-1,-1,-1,-1,0,2,-1,-1:-6.203699503559935
1,-1,-1,-1,-1,-1,0,-1,2:63.29371571434393
5,2,3,-1,4,0,-1,-1,1:-569.53279
-1,3,5,0,2,1,-1,-1,4:-271.0
5,2,0,3,1,4,-1,-1,-1:-0.1
3,5,-1,-1,4,0,2,-1,1:-343.9
1,-1,-1,-1,-1,0,3,2,4:-190.0
1,-1,-1,0,3,2,-1,-1,4:-0.1
1,4,3,0,-1,-1,2,-1,-1:-21.760429933
4,5,0,-1,3,-1,2,-1,1:100.0
1,-1,2,0,3,4,-1,-1,-1:-100.0
1,3,-1,4,2,-1,-1,0,-1:-190.0
-1,-1,3,1,4,0,2,-1,5:-803.5667366342119
0,5,-1,1,2,-1,4,-1,3:-468.55899999999997
0,1,-1,3,-1,-1,2,4,5:-0.5136193
1,-1,3,-1,0,4,-1,-1,2:-100.0
1,2,-1,0,3,5,-1,-1,4:-135.2466631
-1,2,3,0,5,1,-1,-1,4:-0.1
0,4,-1,-1,3,2,-1,5,1:-0.199
1,2,-1,-1,-1,4,3,-1,0:-100.0
-1,4,3,1,-1,2,5,0,-1:-29.992477462291006
1,0,-1,5,2,-1,4,3,-1:-190.0
5,-1,4,-1,3,0,1,2,-1:-0.199
0,-1,1,5,3,-1,4,-1,2:-100.0
1,-1,-1,0,2,-1,-1,-1,-1:38.949594647102366
-1,0,2,4,5,3,-1,1,-1:-1.3632035656060002
1,2,4,-1,-1,-1,3,-1,0:-190.0
5,2,4,3,1,0,-1,-1,-1:-31.669572530800004
4,3,0,2,-1,1,5,-1,-1:-0.1
3,0,5,1,2,-1,4,-1,-1:-0.1
-1,3,4,1,5,0,2,-1,-1:-25.5439
1,-1,-1,3,0,2,-1,-1,4:-100.0
5,2,4,-1,1,0,-1,3,-1:-0.199
1,0,-1,4,3,-1,2,-1,-1:-409.51
1,-1,3,-1,-1,2,0,4,-1:-100.0
4,3,5,0,-1,-1,1,2,-1:-0.1
0,1,4,2,-1,-1,3,-1,-1:-1.1062
1,4,-1,3,2,0,-1,-1,-1:-100.0
0,1,4,2,-1,-1,3,-1,5:-25.471000000000004
4,1,2,-1,0,-1,3,-1,5:-25.471000000000004
4,-1,3,2,-1,1,-1,5,0:-190.0
1,4,3,-1,2,-1,0,5,-1:-4.472032690405
5,-1,-1,1,-1,4,0,3,2:-100.0
-1,1,2,5,3,-1,4,0,-1:-0.1
3,4,-1,-1,2,-1,5,1,0:-0.1
0,1,3,-1,-1,-1,-1,2,4:-3.5683975000000006
3,4,1,0,5,-1,-1,-1,2:-24.833520176403347
-1,2,5,-1,0,1,-1,3,4:-0.1
0,1,5,2,4,-1,3,-1,-1:-334.567453538771
4,5,1,3,-1,2,0,-1,-1:-1.20097
-1,0,2,-1,5,-1,4,1,3:-0.1
1,0,4,-1,2,-1,5,3,-1:-728.2452982617285
3,0,1,5,-1,-1,4,-1,2:-521.7031
1,-1,3,-1,0,-1,2,-1,4:-100.0
4,3,1,-1,5,2,0,-1,-1:-857.7887251707547
-1,3,-1,4,2,5,-1,1,0:-0.1
1,-1,2,0,3,-1,-1,-1,-1:-6.50044279
1,-1,-1,4,5,-1,2,3,0:-2.462545324
5,-1,3,1,4,2,0,-1,-1:-0.49064216131
0,1,3,5,4,-1,-1,2,-1:-1.6472479807000002
1,-1,3,0,-1,4,2,-1,-1:-100.0
-1,0,4,-1,1,2,3,5,-1:-100.0
1,5,-1,2,3,0,-1,-1,4:-198.52508256391002
0,1,4,-1,2,-1,-1,5,3:-100.0
3,1,2,5,-1,4,-1,0,-1:-521.7031
5,2,3,-1,1,-1,4,0,-1:-1.1062
0,1,2,-1,3,-1,-1,-1,-1:-11.881943205955391
-1,-1,2,1,3,4,0,5,-1:-343.9
1,-1,-1,-1,4,-1,2,0,3:-113.42264817613551
5,0,1,3,-1,-1,2,-1,4:-745.8134171670999
-1,-1,0,4,3,1,5,2,-1:-0.1
1,2,-1,3,-1,0,-1,-1,-1:-24.54172133382698
2,1,4,5,0,-1,-1,-1,3:-0.1
1,-1,2,-1,5,3,4,-1,0:-47.413900000000005
0,1,3,-1,-1,-1,-1,2,-1:-1.3941085659201244
-1,3,2,0,5,1,4,-1,-1:-251.720391540619
-1,-1,3,2,4,-1,1,0,5:-100.0
4,1,3,2,0,-1,5,-1,-1:-168.81832251100002
1,3,-1,-1,2,-1,-1,0,4:-190.0
4,0,3,5,-1,-1,2,1,-1:-0.1
1,-1,2,0,3,5,-1,-1,4:-46.612
4,5,-1,0,3,-1,-1,2,1:-0.1
2,4,1,5,-1,0,-1,-1,3:-0.1
1,-1,-1,-1,-1,2,-1,0,-1:-7.075570242974383
-1,-1,-1,0,-1,-1,-1,-1,-1:0.5735955309939675
0,1,-1,-1,3,-1,4,-1,2:-190.0
1,-1,-1,-1,-1,0,-1,-1,2:-6.283566883422041
1,-1,0,-1,3,-1,2,-1,-1:-7.644793283082658
3,5,0,2,4,-1,1,-1,-1:-100.0
5,-1,2,-1,-1,0,4,1,3:-100.0
0,3,2,-1,5,-1,1,-1,4:-569.53279
1,-1,2,-1,-1,0,4,-1,3:-100.0
0,-1,1,3,5,-1,2,-1,4:-911.3706188034749
-1,-1,2,1,3,4,0,-1,5:-5.126306117722571
1,-1,2,-1,-1,4,3,0,-1:-100.0
0,5,4,-1,3,-1,1,-1,2:-745.8134171670999
-1,3,2,0,5,1,-1,-1,4:-9.190000000000001
4,1,5,-1,-1,-1,3,2,0:-73.72351
-1,-1,3,0,4,5,-1,1,2:-100.0
1,3,-1,2,-1,4,-1,0,-1:-100.0
0,1,2,-1,3,-1,-1,4,-1:-29.4132446308
1,4,5,2,0,3,-1,-1,-1:-47.413900000000005
1,0,4,3,-1,2,-1,-1,-1:-343.9
-1,4,3,-1,5,2,-1,1,0:-0.1
1,0,-1,-1,3,-1,4,2,-1:-271.0
0,1,-1,5,2,4,-1,-1,3:-1.4409339094000004
1,-1,3,2,-1,-1,0,4,-1:-100.0
1,-1,-1,4,-1,-1,0,3,2:-0.4858939
1,2,-1,-1,3,-1,-1,0,-1:-18.340661610999998
0,-1,-1,-1,2,5,4,1,3:-271.0
5,-1,2,0,-1,-1,1,4,3:-0.199
1,-1,0,2,3,-1,-1,-1,4:-13.79017306
5,-1,2,3,4,1,-1,0,-1:-100.0
-1,0,5,2,-1,-1,1,3,4:-0.39178
1,-1,3,0,-1,-1,2,-1,-1:-10.3603028990671
1,-1,3,4,-1,0,-1,-1,2:-100.0
0,1,-1,2,4,5,3,-1,-1:-0.886609040905
1,-1,4,-1,-1,5,0,3,2:428.2248332087043
5,-1,0,2,3,1,4,-1,-1:-33.017070710800006
1,4,2,-1,3,-1,0,-1,-1:-100.0
1,0,-1,3,-1,2,-1,4,-1:-271.0
-1,5,3,0,1,-1,4,-1,2:-190.0
0,1,-1,-1,-1,2,-1,-1,-1:-4.763856679229288
-1,5,2,4,-1,3,-1,1,0:-0.1
1,3,0,4,5,-1,-1,-1,2:-0.1
4,3,1,-1,5,-1,0,-1,2:-777.6045944397096
0,1,-1,4,2,-1,-1,-1,3:-0.8597976683989601
4,-1,3,2,-1,1,5,-1,0:-0.1
1,-1,2,-1,-1,3,4,-1,0:-3.38797
1,-1,4,-1,-1,-1,0,2,3:-100.0
3,0,5,1,-1,2,4,-1,-1:-0.1
0,4,3,1,-1,2,5,-1,-1:-66.08324167998491
1,4,5,-1,-1,-1,2,3,0:-2.5500310831000004
-1,-1,4,0,1,5,-1,3,2:-0.1
1,-1,-1,-1,4,-1,3,0,2:-190.0
5,-1,2,-1,-1,3,4,0,1:-271.0
-1,2,4,3,1,0,5,-1,-1:-100.0
1,4,-1,-1,-1,-1,2,0,3:-100.0
-1,3,4,0,5,1,-1,-1,2:-160.13883669391
1,2,-1,5,3,0,-1,-1,4:8.81
3,5,4,-1,0,-1,-1,1,2:-100.0
0,3,2,1,5,4,-1,-1,-1:-190.0
1,3,-1,4,0,-1,-1,2,-1:-100.0
0,5,-1,-1,4,3,1,2,-1:-21.466543060000003
0,-1,-1,4,1,3,-1,2,5:-0.29701
1,0,-1,-1,-1,-1,-1,-1,-1:526.7554099999975
0,4,-1,-1,1,2,-1,5,3:-0.1
-1,1,2,-1,3,5,-1,0,4:-0.1
1,-1,-1,-1,-1,-1,0,2,3:-6.6368110608999995
-1,3,1,4,-1,0,2,-1,5:-100.0
1,4,-1,-1,-1,-1,3,0,2:-190.0
5,2,1,-1,4,0,-1,-1,3:-190.0
0,5,-1,1,-1,2,-1,3,4:-343.9
1,-1,-1,-1,0,2,-1,-1,-1:-2.7865925308
0,-1,3,5,-1,4,-1,2,1:-0.1
1,3,-1,0,4,-1,-1,2,-1:-100.0
-1,-1,3,2,4,5,1,0,-1:-31.051000000000002
0,3,2,5,-1,-1,4,-1,1:-771.23207545039
0,-1,4,2,-1,1,3,5,-1:-0.199
-1,2,1,-1,-1,4,0,5,3:-0.1
1,-1,-1,-1,5,4,2,3,0:-2.7048155707
1,-1,3,2,-1,-1,4,-1,0:-190.0
2,5,-1,1,0,4,-1,-1,3:-0.19
1,4,3,-1,-1,0,2,-1,5:-299.32048376344
1,-1,0,-1,-1,3,-1,-1,2:-1.843395430998873
-1,-1,3,0,1,5,4,-1,2:-100.0
4,5,0,2,1,-1,-1,-1,3:-100.0
1,-1,0,2,3,-1,5,-1,4:-102.7697131
5,2,0,3,4,1,-1,-1,-1:-0.1
5,-1,2,4,-1,-1,3,0,1:-0.199
5,-1,2,3,4,-1,-1,0,1:-409.51
-1,2,5,-1,0,1,4,3,-1:-0.1
1,5,0,2,3,-1,-1,-1,4:-0.11791000000000001
2,3,-1,1,4,0,5,-1,-1:-190.0
-1,2,1,4,0,-1,5,3,-1:-121.86504351100001
1,-1,-1,-1,-1,-1,-1,-1,0:-2.9110071444804166
3,1,2,5,4,-1,-1,0,-1:-612.579511
1,-1,3,-1,-1,0,-1,-1,2:-28.59650597813975
1,4,3,-1,0,-1,2,-1,-1:-3.9493
0,3,2,1,4,5,-1,-1,-1:-612.579511
4,-1,3,-1,1,2,0,-1,5:-0.1
1,-1,0,-1,3,-1,-1,2,-1:-26.185628285019156
1,2,0,-1,3,-1,5,-1,4:-9.271
-1,2,5,4,3,1,-1,-1,0:-156.69307611099998
1,4,-1,0,3,2,-1,-1,-1:-190.0
0,-1,1,3,-1,-1,2,5,4:-0.1
-1,-1,4,1,5,-1,0,2,3:-0.35200000000000004
-1,2,3,-1,4,5,-1,1,0:-0.1
-1,0,-1,1,4,-1,2,3,5:-100.0
3,2,1,-1,4,0,5,-1,-1:-952.8987130275375
4,2,5,1,0,-1,-1,3,-1:-0.1
1,0,2,4,-1,-1,3,-1,5:-596.3901001393297
1,0,2,-1,4,-1,3,-1,-1:-343.9
2,3,0,4,-1,1,5,-1,-1:-28.15007728426273
4,-1,-1,5,3,0,2,-1,1:-0.1
1,-1,3,0,4,-1,2,-1,-1:-190.0
5,3,-1,-1,1,0,2,4,-1:-612.579511
0,1,5,4,-1,-1,3,2,-1:-23.6091872008
2,5,-1,1,3,0,4,-1,-1:-0.1
3,5,-1,0,-1,1,4,-1,2:-717.570463519
1,-1,-1,4,5,-1,0,3,2:-0.5324770000000001
1,-1,-1,2,-1,-1,-1,0,-1:-7.470819365006286
1,0,4,-1,-1,-1,3,-1,2:-271.0
5,0,-1,-1,2,-1,1,3,4:-0.1
4,-1,1,-1,5,-1,0,3,2:-0.199
2,3,0,-1,4,1,-1,-1,5:-0.199
-1,-1,2,1,5,0,4,-1,3:-0.1
0,-1,1,5,3,2,4,-1,-1:-0.1
1,3,4,-1,2,-1,5,-1,0:-5.509292843863901
0,1,2,-1,-1,-1,-1,-1,-1:-2.991795982557788
0,1,3,-1,-1,-1,4,2,-1:-1.1062
5,4,-1,1,3,0,2,-1,-1:-0.1
1,0,-1,-1,-1,4,3,-1,2:-190.0
0,4,-1,5,3,-1,-1,2,1:-0.1
3,4,1,0,-1,-1,-1,5,2:-0.199
5,4,0,-1,2,1,3,-1,-1:-0.1
1,3,-1,-1,2,4,-1,-1,0:-100.0
1,-1,-1,-1,0,-1,2,-1,-1:-4.3239806308
-1,0,2,3,-1,5,-1,1,4:-0.1
4,3,-1,5,1,0,2,-1,-1:-0.1
1,0,2,-1,-1,4,3,-1,-1:-343.9
5,3,4,1,-1,2,0,-1,-1:-521.7031
0,1,-1,-1,3,2,-1,-1,-1:-16.74059265205039
3,2,4,-1,5,-1,0,1,-1:-0.1
1,-1,-1,0,-1,-1,2,-1,-1:-2.7689097403547205
5,3,-1,2,1,-1,-1,4,0:-0.1
0,3,-1,-1,1,2,-1,4,5:-0.1
0,5,4,2,1,-1,3,-1,-1:-13.409897500000001
1,-1,-1,-1,4,-1,3,2,0:-190.0
5,-1,3,-1,2,1,0,-1,4:-0.4858939
0,1,-1,2,5,-1,3,-1,4:-0.9686646730000001
1,0,2,-1,-1,-1,-1,-1,-1:-104.05487540146402
2,3,0,-1,5,-1,4,-1,1:99.91000000000001
0,4,-1,5,3,2,-1,-1,1:-3.750654741474115
1,-1,0,-1,3,-1,-1,2,4:-109.53163431613075
-1,5,3,-1,0,4,2,1,-1:-502.8788089188369
0,1,4,-1,2,-1,5,-1,3:-25.471000000000004
1,3,-1,-1,2,-1,-1,4,0:-100.0
1,2,-1,0,3,-1,-1,4,-1:-190.0
1,4,-1,-1,-1,-1,3,2,0:-100.0
5,-1,2,3,-1,-1,4,0,1:-988.0274848174379
5,2,-1,-1,0,-1,4,3,1:-0.199
5,3,-1,1,4,0,2,-1,-1:-612.579511
0,-1,5,3,1,4,-1,2,-1:-141.69328532178807
0,3,4,-1,5,-1,-1,2,1:-0.1
1,3,-1,4,2,-1,-1,-1,0:-190.0
1,-1,3,-1,-1,2,4,-1,0:-100.0
1,0,-1,-1,3,-1,2,-1,4:-365.02206831861525
0,4,-1,1,3,2,-1,-1,5:-25.471000000000004
0,1,4,-1,-1,5,-1,2,3:-0.199
-1,2,4,3,1,0,-1,5,-1:-190.0
3,4,-1,5,0,1,-1,-1,2:-0.1
1,4,0,2,3,-1,-1,-1,-1:-190.0
1,-1,0,2,3,-1,4,-1,-1:-100.0
4,5,2,1,-1,0,-1,-1,3:-8.920931149278273
1,-1,-1,0,-1,-1,-1,2,-1:-2.1645718005251133
5,-1,2,1,3,4,0,-1,-1:-935.3891811077333
0,3,4,1,-1,2,5,-1,-1:-343.9
-1,3,-1,-1,0,1,5,4,2:-0.18343900000000002
1,-1,0,-1,2,-1,3,-1,-1:-13.43275480928188
5,1,2,4,3,-1,-1,0,-1:-0.199
1,3,-1,-1,2,-1,-1,0,-1:-19.43186905937258
1,0,-1,2,3,-1,-1,4,-1:-343.9
1,-1,-1,-1,0,-1,-1,2,-1:-3.5533130247099995
1,2,-1,4,3,-1,0,-1,-1:-100.0
-1,0,-1,1,3,4,2,-1,5:-0.1
0,1,5,3,4,-1,2,-1,-1:-0.68312182465
2,3,0,5,-1,1,-1,-1,4:-468.55899999999997
0,1,-1,2,-1,-1,-1,-1,-1:-1.8424148898713943
-1,4,-1,2,-1,1,3,5,0:-168.77527579000002
1,-1,-1,-1,-1,4,0,3,2:-0.2962
5,2,-1,1,0,-1,4,3,-1:-0.1
1,-1,-1,2,0,3,4,-1,-1:-1.9151739956233007
1,2,-1,-1,3,4,-1,5,0:-0.199
5,-1,3,2,4,-1,1,0,-1:-521.7031
1,2,-1,-1,0,4,-1,3,5:-42.772510000000004
0,1,-1,3,-1,-1,2,4,-1:-0.57866644
4,1,2,5,0,-1,3,-1,-1:-0.29701
1,-1,5,-1,4,-1,2,3,0:-3.5642874125800006
1,3,4,-1,0,-1,-1,2,-1:-0.49010009149
1,-1,0,-1,-1,3,4,5,2:-1.0751655627316872
-1,3,5,0,1,-1,-1,4,2:-100.0
1,-1,0,-1,2,-1,-1,-1,-1:-5.5153541167827225
0,-1,-1,-1,5,2,3,4,1:-0.199
-1,-1,4,0,3,5,1,2,-1:-73.72351
-1,3,-1,0,1,-1,5,4,2:-0.199
4,5,0,1,2,-1,3,-1,-1:-190.0
1,3,-1,0,-1,-1,-1,2,4:-190.0
2,-1,4,0,1,-1,3,-1,5:-100.0
-1,-1,3,1,-1,0,2,4,5:-9.190000000000001
1,4,0,-1,3,-1,2,-1,-1:-100.0
0,1,3,4,-1,-1,-1,2,5:-0.1
1,5,-1,0,2,3,-1,4,-1:-0.68312182465
3,2,0,5,4,1,-1,-1,-1:-992.1448327887209
-1,-1,-1,3,0,2,4,1,5:-0.19
1,2,-1,-1,-1,5,4,3,0:-0.1
1,-1,-1,-1,0,-1,-1,-1,-1:-3.0598956697776214
1,2,-1,-1,3,4,0,-1,-1:-100.0
0,2,3,1,4,5,-1,-1,-1:-521.7031
5,-1,1,0,2,3,-1,-1,4:-52.13914689742571
1,4,3,-1,0,-1,5,-1,2:-140.65023709000002
-1,0,1,-1,2,5,-1,3,4:-271.0
1,-1,2,-1,0,-1,3,-1,-1:-13.605067413910001
1,4,0,-1,3,-1,-1,2,-1:-100.0
5,0,1,-1,2,3,-1,-1,4:-30.360420771400005
1,-1,-1,2,0,3,-1,-1,4:-1.8750731930953124
-1,-1,-1,2,0,3,5,1,4:-0.46686700000000003
1,4,-1,3,0,2,-1,-1,-1:-190.0
0,1,-1,-1,3,2,4,-1,-1:-190.0
-1,4,5,-1,-1,1,2,3,0:-6.968857359439001
5,-1,-1,1,4,-1,2,0,3:-100.0
0,3,4,5,-1,-1,1,2,-1:-20.954233936
0,1,-1,5,-1,4,3,2,-1:-0.1
-1,-1,1,3,0,2,5,4,-1:-0.1
-1,0,5,2,3,-1,4,1,-1:-271.0
1,-1,0,-1,4,2,-1,-1,3:-0.199
-1,-1,0,2,-1,5,1,4,3:-0.1
0,-1,-1,3,4,-1,2,1,5:-190.0
4,5,-1,0,-1,1,3,-1,2:-100.0
-1,0,5,1,3,4,2,-1,-1:-0.9479045609200002
4,0,-1,-1,5,3,-1,1,2:-0.1
1,-1,2,-1,4,0,-1,-1,3:-57.813137595730005
1,3,-1,-1,0,4,-1,2,-1:-100.0
-1,3,-1,5,2,4,-1,1,0:-0.1
-1,1,0,-1,3,-1,2,4,5:-0.1
1,-1,2,-1,-1,-1,0,-1,-1:-1.7094299967100002
1,-1,3,0,-1,-1,4,-1,2:-100.0
5,-1,4,2,-1,3,1,0,-1:-0.1
1,5,2,0,4,-1,-1,-1,3:-100.0
1,0,-1,2,3,-1,-1,-1,-1:-235.16074164761397
0,1,-1,-1,-1,-1,2,-1,-1:-1.8649734896143404
0,1,-1,3,-1,4,2,-1,-1:-0.5786730010000001
5,-1,-1,3,1,0,2,4,-1:-100.0
-1,0,2,4,3,-1,-1,1,5:-0.1
-1,0,-1,4,1,3,-1,5,2:-0.1
1,5,4,-1,-1,-1,2,3,0:-271.0
4,-1,3,-1,2,-1,0,1,5:-9.190000000000001
1,-1,-1,0,-1,2,-1,-1,-1:-2.9244280600000003
1,-1,2,-1,3,-1,0,-1,4:-4.135924
1,4,3,2,5,-1,0,-1,-1:-195.7975147099
5,-1,3,1,2,4,0,-1,-1:-1.525807216
1,-1,2,-1,0,-1,3,4,-1:-100.0
5,-1,2,0,3,-1,1,-1,4:-985.2191170585653
2,4,-1,5,3,-1,-1,1,0:190.0
1,5,-1,-1,4,-1,0,2,3:-0.48983050000000006
-1,4,2,5,3,-1,0,1,-1:387.478
3,-1,-1,4,2,5,1,-1,0:-0.1
3,5,2,-1,0,1,-1,-1,4:-0.1
1,4,0,-1,-1,3,-1,-1,2:-1.4487360421060003
1,-1,3,-1,2,-1,0,-1,-1:-7.676431542531766
1,-1,3,4,-1,2,-1,-1,0:-100.0
1,4,3,2,-1,-1,-1,-1,0:-0.199
1,-1,2,-1,4,3,-1,-1,0:-1.5350719038706002
1,-1,5,3,2,0,4,-1,-1:-1.5100660000000001
3,4,1,-1,-1,2,0,5,-1:-0.29701
0,1,4,3,-1,-1,2,-1,-1:-0.5851683910000001
0,3,-1,-1,1,2,5,4,-1:-0.1
2,3,1,-1,-1,0,5,-1,4:-100.0
5,1,2,3,-1,4,-1,0,-1:-343.9
1,-1,3,-1,4,2,-1,0,-1:-100.0
0,1,-1,3,-1,-1,2,-1,-1:-1.286603405981622
1,-1,0,-1,-1,2,-1,-1,3:-13.773432789999998
-1,3,4,-1,2,-1,5,0,1:-0.44191900000000006
-1,-1,1,2,-1,3,5,0,4:-0.1
1,3,-1,2,-1,-1,-1,0,-1:-12.60378563245039
0,1,-1,4,3,2,-1,-1,-1:-190.0
5,-1,4,3,0,2,-1,-1,1:-49.84350310000001
1,3,-1,0,-1,-1,-1,2,-1:-18.15905545859313
0,-1,1,3,-1,2,4,5,-1:-0.1
1,-1,-1,-1,-1,-1,0,-1,-1:27.98991045391894
3,2,1,-1,4,0,-1,5,-1:-0.2962
1,-1,-1,0,2,3,-1,-1,-1:100.58536751020708
5,-1,-1,1,4,-1,0,3,2:-0.1
-1,4,-1,3,2,0,-1,5,1:-0.19
3,0,-1,5,2,-1,4,1,-1:-100.0
1,-1,-1,0,3,2,-1,4,-1:-100.0
0,1,2,-1,3,4,-1,-1,-1:-100.0
5,-1,3,-1,0,4,2,-1,1:45.02727271398544
0,3,2,-1,-1,5,1,-1,4:-0.1
1,4,-1,2,3,0,-1,-1,-1:-100.0
-1,-1,2,3,4,1,5,0,-1:-0.1
1,4,3,-1,-1,0,-1,-1,2:-86.36026136407207
-1,3,-1,2,1,-1,5,4,0:-0.1
5,-1,3,0,4,-1,1,-1,2:-0.1
-1,0,-1,1,4,5,2,3,-1:-100.0
-1,2,3,4,-1,5,-1,1,0:-47.413900000000005
2,-1,5,-1,0,-1,1,4,3:-0.1
1,-1,0,-1,3,4,2,-1,-1:-190.0
1,-1,3,-1,2,-1,0,-1,4:-100.0
1,2,0,-1,3,-1,-1,-1,4:-0.2962
0,1,-1,2,-1,4,3,-1,-1:-0.58519850599
-1,-1,3,4,0,-1,5,1,2:-753.7786938770956
-1,-1,5,3,0,2,-1,1,4:-0.29701
1,-1,-1,-1,2,-1,0,-1,-1:-3.2424553386707586
0,1,5,4,2,-1,-1,-1,3:190.0
1,0,-1,-1,2,-1,-1,-1,-1:586.3948999999977
0,1,5,3,-1,4,2,-1,-1:-0.5491485010000001
0,1,-1,2,-1,-1,3,-1,4:-0.679343527
1,-1,0,-1,3,-1,4,2,-1:-100.0
1,-1,4,-1,-1,-1,2,3,0:-2.0538853252300004
0,1,-1,-1,3,2,-1,-1,4:-100.0
2,3,0,-1,-1,-1,5,4,1:-0.19
0,1,-1,-1,2,-1,-1,4,3:-3.38797
1,-1,0,-1,2,-1,3,4,-1:-100.0
4,-1,-1,0,5,1,3,-1,2:-47.413900000000005
3,2,0,5,4,-1,-1,-1,1:-989.224736335694
-1,1,4,3,2,0,-1,5,-1:-100.0
0,-1,-1,4,1,3,5,2,-1:-0.199
-1,-1,0,-1,-1,-1,-1,-1,-1:-3.7981762813152153
-1,0,3,2,4,5,1,-1,-1:-0.7497347140404191
1,4,2,-1,0,-1,3,-1,-1:-190.0
0,3,2,-1,-1,-1,4,5,1:-190.0
4,-1,0,2,1,3,-1,-1,5:-100.0
5,-1,1,-1,3,2,4,0,-1:-3.38797
1,0,-1,-1,2,4,-1,3,-1:-2.6968922269326017
5,-1,1,2,-1,4,-1,0,3:-100.0
-1,4,-1,2,3,-1,5,1,0:-47.413900000000005
1,-1,4,0,2,3,-1,-1,-1:-0.22739049999999994
-1,-1,3,2,4,5,1,-1,0:-633.5263988739775
-1,-1,-1,-1,-1,-1,-1,-1,-1:424.7718820999976
4,5,-1,-1,1,2,0,-1,3:-0.1
1,-1,-1,4,-1,-1,3,2,0:-1.1062
1,-1,2,0,3,-1,-1,-1,4:-1.8352000000000004
-1,4,2,3,-1,5,1,0,-1:-998.5444216570692
0,5,1,3,-1,2,4,-1,-1:-43.722654410800004
1,-1,0,-1,-1,2,-1,4,3:-100.0
4,3,1,5,-1,-1,2,-1,0:-0.3940399
1,-1,5,-1,-1,4,0,3,2:-0.28
5,-1,-1,0,4,3,-1,1,2:-0.1
4,-1,5,1,-1,0,2,-1,3:-0.1
3,0,4,-1,5,-1,2,1,-1:-0.1
3,5,0,-1,4,-1,-1,2,1:8.81
1,-1,0,-1,4,3,-1,-1,2:-1.2857759944360194
-1,4,2,3,-1,-1,1,0,5:-998.2029897000855
1,-1,-1,-1,2,-1,-1,0,-1:-7.525121811183524
5,3,-1,1,-1,0,2,4,-1:-569.53279
1,0,-1,-1,2,-1,-1,3,-1:652.660999999998
-1,0,5,3,1,4,-1,-1,2:-0.9305725640500001
5,-1,2,-1,4,3,-1,0,1:-100.0
0,-1,4,3,5,-1,2,-1,1:-382.96906286530157
0,5,1,-1,2,4,-1,-1,3:-468.55899999999997
0,2,3,5,1,-1,4,-1,-1:-118.15076224612814
-1,5,2,1,3,4,0,-1,-1:-271.0
1,0,4,-1,3,-1,2,-1,-1:-468.55899999999997
0,3,4,5,-1,-1,-1,2,1:-3.38797
-1,-1,5,2,-1,1,3,0,4:-0.1
4,-1,5,-1,1,-1,0,2,3:-0.1
1,-1,3,-1,4,0,2,-1,-1:-190.0
5,1,0,3,-1,-1,4,2,-1:-521.7031
1,-1,3,-1,4,2,0,-1,-1:-190.0
1,0,-1,-1,-1,2,-1,-1,-1:-103.33030277824102
1,-1,-1,-1,-1,-1,2,-1,0:-2.1261715547100426
1,2,-1,3,-1,0,4,-1,-1:-62.07617235423976
1,0,4,-1,3,-1,-1,2,-1:-190.0
1,-1,-1,-1,-1,4,2,3,0:-0.88149379087
3,5,-1,-1,4,2,0,-1,1:-271.0
1,-1,2,-1,3,4,0,-1,-1:-100.0
5,3,-1,-1,4,0,2,1,-1:-612.579511
-1,2,1,-1,0,5,-1,3,4:-0.1
1,-1,0,-1,-1,-1,-1,2,-1:-5.671477980774017
1,3,-1,-1,2,4,-1,0,-1:-100.0
0,1,2,-1,3,-1,-1,4,5:-141.47207451100002
1,-1,5,4,-1,-1,3,0,2:-224.57248803091002
5,4,2,-1,-1,-1,3,0,1:-0.3940399
1,-1,0,-1,2,4,3,-1,-1:-190.0
0,3,2,5,1,-1,-1,4,-1:-31.669572530800004
0,1,4,5,-1,-1,-1,2,3:-13.13545006
1,0,-1,-1,2,-1,4,3,-1:726.2899999999984
3,2,1,-1,4,0,-1,-1,5:-468.55899999999997
5,3,2,-1,4,1,-1,0,-1:-100.0
1,2,-1,3,5,-1,4,-1,0:-0.5024781134560001
1,-1,3,0,-1,-1,2,4,-1:-100.0
1,-1,-1,2,0,3,-1,4,5:-47.413900000000005
-1,0,4,-1,1,2,-1,3,5:-0.1
1,2,-1,4,-1,-1,3,-1,0:-0.2962
-1,5,2,0,3,-1,1,-1,4:-190.0
5,-1,4,-1,1,-1,3,2,0:-103.30705900000001
1,-1,-1,-1,-1,2,-1,-1,0:-4.320200774423689
1,-1,3,-1,-1,0,2,4,-1:-100.0
0,1,4,-1,3,-1,-1,-1,2:-100.0
-1,-1,2,-1,4,3,5,1,0:-0.5324770000000001
0,1,4,3,5,-1,2,-1,-1:-0.5861941311790001
1,-1,2,4,0,-1,3,-1,-1:-8.44838911
1,2,-1,-1,0,4,-1,3,-1:-7.416424
3,-1,0,2,1,5,-1,-1,4:-0.199
0,4,-1,-1,3,5,-1,2,1:-0.1
1,2,-1,-1,-1,-1,3,4,0:-100.0
3,-1,2,5,4,-1,-1,0,1:-100.0
4,5,0,2,1,3,-1,-1,-1:-468.55899999999997
1,-1,0,-1,-1,-1,2,-1,-1:-3.240257441014659
-1,2,3,4,5,-1,0,1,-1:-135.29449279000002
1,2,-1,3,-1,0,-1,4,-1:-190.0
1,3,-1,2,-1,-1,-1,0,4:-190.0
-1,0,5,1,4,-1,2,-1,3:-6.119897500000001
4,2,3,-1,-1,5,-1,1,0:-134.76305179000002
1,2,-1,0,3,4,-1,-1,-1:-100.0
-1,0,3,5,-1,-1,4,1,2:-0.199
-1,-1,0,2,5,1,3,4,-1:-0.1
-1,-1,3,-1,2,1,0,5,4:-100.0
0,1,-1,3,-1,5,2,4,-1:-100.0
5,-1,-1,1,-1,2,4,0,3:-3.38797
3,4,1,5,0,-1,-1,-1,2:-0.3946459467871
1,3,4,0,5,-1,-1,2,-1:-0.8485373233388801
1,-1,-1,3,2,0,4,-1,-1:-0.62124733
-1,0,5,1,4,-1,2,3,-1:-7.416424
1,-1,-1,0,-1,-1,-1,-1,-1:11.210824729495759
1,-1,-1,-1,-1,-1,0,2,-1:-3.25806802471
1,3,-1,2,4,-1,-1,0,-1:-100.0
0,1,-1,-1,-1,-1,-1,-1,-1:-2.599807824925865
1,-1,0,5,4,2,-1,-1,3:-0.199
-1,0,1,5,2,3,-1,-1,4:-100.0
-1,-1,3,-1,0,4,5,1,2:-25.471000000000004
1,-1,0,-1,-1,2,-1,-1,-1:-4.557698532999999
0,-1,-1,1,2,5,-1,4,3:-190.0
5,1,2,-1,3,-1,-1,4,0:-9.190000000000001
1,-1,3,-1,-1,2,0,-1,4:-100.0
5,-1,0,1,-1,2,4,-1,3:-0.1
0,-1,4,2,-1,1,3,-1,5:-0.199
3,4,5,-1,2,1,-1,-1,0:-100.0
0,-1,-1,3,1,4,-1,2,5:-0.3940399
-1,3,1,4,2,5,-1,0,-1:-0.1
3,4,1,-1,5,2,0,-1,-1:-0.199
1,0,2,4,-1,-1,3,-1,-1:-309.71146207117584
3,0,2,5,-1,-1,4,1,-1:-100.0
1,2,-1,-1,3,4,5,-1,0:-1.1062
3,4,1,5,-1,2,-1,0,-1:-1.69950616172897
1,4,-1,-1,-1,-1,0,2,3:-190.0
1,-1,3,-1,0,4,2,-1,-1:-100.0
1,0,-1,2,3,4,-1,-1,-1:-409.51
5,1,2,3,4,-1,-1,0,-1:-521.7031
-1,-1,3,2,-1,1,5,0,4:-0.1
4,3,1,0,5,-1,-1,-1,2:-0.11791000000000001
1,2,-1,-1,3,-1,0,4,-1:-100.0
5,1,-1,3,2,0,4,-1,-1:-343.9
-1,0,-1,2,-1,5,1,3,4:-0.1
1,2,-1,4,0,-1,-1,3,-1:-9.491268079000001
1,-1,3,-1,-1,2,0,-1,-1:-9.829019683899999
1,-1,2,4,0,-1,3,-1,5:-116.89040745189999
1,-1,2,-1,0,4,3,-1,-1:-190.0
-1,2,3,-1,4,0,1,-1,5:-100.0
5,2,3,-1,-1,0,-1,1,4:-21.466543060000003
2,5,1,0,4,-1,3,-1,-1:-100.0
1,-1,2,-1,4,0,5,-1,3:-238.19715321391
4,5,2,0,3,1,-1,-1,-1:-0.52968654109
5,2,3,-1,4,0,1,-1,-1:-612.579511
5,0,1,-1,-1,4,2,-1,3:-0.1
0,3,5,-1,-1,2,4,-1,1:-0.1
1,-1,0,4,3,-1,-1,2,-1:-100.0
1,-1,-1,0,3,2,-1,-1,-1:-15.9117031
5,2,1,-1,4,0,3,-1,-1:-686.18940391
0,3,1,-1,4,2,5,-1,-1:-190.0
0,1,4,-1,2,5,-1,-1,3:-100.0
3,5,4,0,-1,-1,1,-1,2:-100.0
0,5,-1,-1,2,-1,1,4,3:-0.9305725640500001
1,4,3,-1,2,-1,0,-1,-1:-1.2775626572815002
3,5,2,-1,1,-1,-1,0,4:-190.0
1,3,-1,0,-1,4,-1,2,-1:-190.0
1,-1,0,-1,3,-1,2,5,4:-16.2381972825865
-1,5,1,2,-1,3,4,-1,0:-100.0
-1,-1,-1,-1,-1,0,-1,-1,-1:-4.62189368389139
1,-1,-1,3,2,0,-1,4,-1:-190.0
0,-1,4,-1,1,5,3,2,-1:-324.10939556636185
1,4,3,-1,-1,2,-1,-1,0:-122.03412989743397
1,0,-1,-1,2,-1,-1,3,4:-289.3861830700967
2,1,0,-1,3,-1,5,4,-1:-9.271
0,1,-1,2,4,-1,3,-1,-1:-0.6561063454474001
0,4,5,2,-1,1,3,-1,-1:-1.20097
0,5,-1,3,4,-1,2,1,-1:-686.18940391
1,-1,-1,2,3,0,-1,-1,4:-45.818514225730006
0,3,2,-1,1,-1,-1,4,5:-0.1
4,0,1,3,2,-1,-1,-1,5:-0.199
-1,0,4,5,1,-1,-1,3,2:-343.9
1,2,-1,-1,3,-1,4,0,-1:-190.0
1,4,3,0,-1,-1,-1,-1,2:-2.24854401331
1,-1,2,-1,-1,0,-1,-1,3:-23.78914584323731
3,5,-1,-1,0,1,4,-1,2:-686.18940391
0,-1,3,-1,5,4,-1,2,1:-0.42028390000000004
1,-1,-1,-1,4,-1,0,2,3:-0.49009294000000003
5,3,2,0,-1,-1,1,-1,4:-468.55899999999997
-1,2,4,-1,-1,1,3,5,0:-100.0
-1,0,-1,2,5,-1,3,1,4:-0.1
3,-1,-1,0,-1,1,4,5,2:-1.0171000000000001
1,5,-1,2,0,3,4,-1,-1:-8.143766856518504
2,-1,5,-1,-1,0,3,4,1:-25.471000000000004
0,1,3,5,-1,4,-1,2,-1:-0.9006868022680001
1,-1,4,-1,-1,-1,0,3,2:239.0314374832013
1,0,-1,-1,2,5,4,3,-1:-100.0
-1,-1,2,5,-1,3,4,1,0:-100.0
1,-1,-1,4,-1,-1,2,0,3:-100.0
5,3,4,-1,-1,0,1,2,-1:-43.722654410800004
2,1,5,3,-1,-1,0,-1,4:-100.0
0,-1,5,-1,2,-1,4,1,3:0.9998607562412007
1,-1,-1,2,-1,0,-1,-1,-1:-6.188264967257135
1,-1,2,4,-1,-1,3,0,-1:-88.81615833493602
1,-1,0,4,2,5,3,-1,-1:-2.7573048829000006
3,4,1,-1,2,0,-1,5,-1:-1.5495284467000001
1,4,3,-1,5,2,-1,-1,0:-424.73636403973006
1,2,-1,4,0,-1,5,3,-1:-139.642211611
1,-1,-1,0,2,3,-1,-1,4:-0.4864042
5,1,2,4,-1,3,-1,0,-1:-0.1
-1,2,3,-1,4,0,5,-1,1:-100.0
-1,2,3,5,-1,4,-1,1,0:-0.1
-1,2,3,-1,4,0,1,5,-1:-0.1
5,3,4,-1,2,1,-1,0,-1:-521.7031
0,-1,2,3,-1,4,5,-1,1:-0.1
1,-1,-1,3,0,2,-1,4,-1:-100.0
3,-1,2,4,5,-1,1,0,-1:-0.1
-1,0,3,1,5,-1,2,-1,4:-271.0
-1,3,4,-1,0,1,-1,5,2:-47.413900000000005
-1,1,2,3,-1,4,-1,0,5:-2.1445574121100006
1,-1,0,-1,3,4,-1,2,-1:-100.0
1,0,-1,2,-1,-1,-1,-1,-1:-139.13038847888924
1,-1,3,-1,-1,2,-1,0,-1:-30.853306313542628
1,-1,3,2,-1,-1,0,-1,4:-190.0
-1,0,-1,1,4,5,2,-1,3:-100.0
0,-1,3,5,4,-1,1,2,-1:-271.0
-1,2,3,5,1,-1,4,-1,0:-0.199
-1,-1,1,0,2,3,-1,5,4:-100.0
1,-1,3,-1,0,-1,-1,4,2:-190.0
1,4,3,0,-1,-1,5,-1,2:-9.8586740917
0,-1,5,4,1,3,-1,2,-1:-2.5767466238656707
0,5,-1,-1,-1,2,3,4,1:-1.5227175717073003
1,3,-1,-1,2,-1,4,0,-1:-190.0
1,0,-1,-1,-1,-1,3,4,2:-190.0
-1,1,2,3,4,5,-1,0,-1:-100.0
1,4,3,2,-1,5,-1,-1,0:-9.190000000000001
1,4,-1,2,0,3,-1,-1,-1:-2.5714900000000003
1,-1,-1,-1,-1,-1,2,3,0:-1.5003154510666863
0,1,-1,3,-1,-1,2,5,4:-0.54463591
1,3,4,5,0,-1,-1,2,-1:-0.49178771191000004
1,-1,-1,0,3,2,4,-1,-1:-190.0
5,-1,0,2,-1,1,4,3,-1:-0.1
1,-1,2,4,3,-1,0,-1,-1:-190.0
-1,4,3,1,2,5,0,-1,-1:-100.0
5,1,4,-1,-1,0,3,2,-1:-0.1
5,-1,-1,1,4,0,2,3,-1:-100.0
1,-1,3,4,0,-1,2,-1,-1:-271.0
0,5,1,-1,3,-1,4,-1,2:-651.3215599
1,-1,-1,-1,-1,0,3,2,-1:-14.95231553801409
1,5,4,2,0,3,-1,-1,-1:-11.736054040864602
1,0,-1,-1,-1,-1,3,-1,2:-58.619580277876345
1,-1,0,-1,3,-1,2,-1,4:-2.4724075613089602
5,0,1,2,-1,3,-1,-1,4:-32.447980639928716
1,-1,-1,3,0,2,4,-1,-1:-0.3940399
4,2,3,-1,5,-1,0,1,-1:-203.25569931100003
-1,-1,3,4,5,2,-1,1,0:-0.19
1,2,-1,-1,0,-1,-1,3,4:-1.1429313363361
0,1,-1,3,4,-1,5,2,-1:-25.471000000000004
1,-1,0,-1,-1,3,4,-1,2:-1.2444892840236392
-1,5,-1,2,-1,1,4,3,0:-100.0
2,3,5,-1,1,-1,4,0,-1:-100.0
1,2,0,4,3,-1,-1,-1,-1:-190.0
1,-1,4,-1,-1,0,3,2,-1:-100.0
1,-1,4,0,3,2,-1,-1,-1:-100.0
1,-1,3,-1,-1,0,4,-1,2:-100.0
3,2,-1,1,5,0,4,-1,-1:-0.1
0,-1,3,5,1,-1,4,2,-1:-972.1871610556306
1,2,-1,-1,-1,-1,-1,-1,0:-3.5949806308000007
1,2,-1,-1,-1,0,-1,-1,-1:-6.630556668267129
-1,0,1,3,-1,5,2,-1,4:-190.0
1,0,2,-1,-1,-1,3,-1,4:-343.9
4,1,-1,2,0,3,5,-1,-1:-0.1
-1,0,-1,2,5,-1,1,3,4:-0.1
-1,3,5,4,2,1,-1,-1,0:-10.465907111339769
2,3,0,4,5,1,-1,-1,-1:774.967777616728
1,3,-1,0,-1,-1,4,2,-1:-100.0
1,2,0,-1,-1,-1,-1,-1,-1:-4.496462030800001
2,0,3,-1,5,4,-1,1,-1:-0.1
4,5,-1,-1,3,2,-1,0,1:-0.1
-1,0,4,5,1,2,-1,3,-1:-100.0
1,-1,2,0,-1,-1,-1,-1,-1:-3.1005085329999997
0,1,-1,-1,2,-1,4,5,3:-100.0
5,-1,3,-1,2,4,0,-1,1:-343.9
2,3,0,5,-1,-1,4,-1,1:-0.1
0,1,5,3,-1,-1,4,2,-1:-521.7031
1,2,0,-1,3,-1,-1,-1,-1:-13.520748511
0,1,5,-1,2,-1,-1,4,3:-47.413900000000005
1,4,2,-1,-1,-1,3,0,-1:-100.0
1,-1,-1,4,-1,-1,3,0,2:-64.85120088193001
